howEssential: 

datapoint(saw='N/A', setOfQuestions='post-section', question='essential-later:DATA')
datapoint(saw='N/A', setOfQuestions='post-section', question='essential-later:DATA')
[4, 4, 2, 4, 5, 5, 5, 4, 5, 1, 5, 5, 5, 3, 5, 2, 1, 4, 4, 1, 1, 4, 4, 1, 5, 4, 5, 4, 4, 5, 5, 5, 5, 5, 5, 5, 4, 4, 4, 5, 4, 5, 5, 5, 5, 5, 4, 4, 2, 4, 5, 5, 1, 1, 5, 4, 4, 4, 4, 3, 4, 4, 5, 4, 5, 5, 5, 5, 5, 2, 1, 2, 2, 2, 2, 1, 0, 2, 2, 1, 1, 0, -1, 2, 2, 5, 5, 4, 5, 2, 5, 5, 5, 4, 3, 4, 4, 4, 5, 2, 4, 5, 4, 4, 3, 5, 5, 5, 5]
[4, 4, 2, 4, 5, 5, 5, 4, 5, 1, 5, 5, 5, 3, 5, 2, 1, 4, 4, 1, 1, 4, 4, 1, 5, 4, 5, 4, 4, 5, 5, 5, 5, 5, 5, 5, 4, 4, 4, 5, 4, 5, 5, 5, 5, 5, 4, 4, 2, 4, 5, 5, 1, 1, 5, 4, 4, 4, 4, 3, 4, 4, 5, 4, 5, 5, 5, 5, 5, 2, 1, 2, 2, 2, 2, 1, 0, 2, 2, 1, 1, 0, -1, 2, 2, 5, 5, 4, 5, 2, 5, 5, 5, 4, 3, 4, 4, 4, 5, 2, 4, 5, 4, 4, 3, 5, 5, 5, 5]
MannwhitneyuResult(statistic=5940.5, pvalue=0.49954927791381104)


datapoint(saw='N/A', setOfQuestions='post-section', question='essential-later:VIDEO')
datapoint(saw='N/A', setOfQuestions='post-section', question='essential-later:VIDEO')
[2, 2, 2, 4, 4, 3, 4, 4, 2, 4, 1, 5, 2, 1, 1, 2, 1, 2, 2, 1, 2, 2, 2, 2, 1, 2, 2, 2, 2, 4, 4, 2, 2, 2, 4, 4, 4, 4, 4, 2, 2, 4, 5, 4, 4, 1, 2, 2, 2, 1, 2, 2, 2, 1, 4, 1, 4, 4, 2, 3, 2, 2, 2, 2, 2, 2, 2, 2, 1, 1, 1, -2, -1, 1, 1, -2, -2, -2, -2, 0, 0, -1, -1, 0, -1, 2, 1, 2, 2, 4, 1, 4, 4, 4, 1, 4, 4, 2, 5, 4, 3, 2, 2, 4, 2, 1, 1, 2, 2]
[2, 2, 2, 4, 4, 3, 4, 4, 2, 4, 1, 5, 2, 1, 1, 2, 1, 2, 2, 1, 2, 2, 2, 2, 1, 2, 2, 2, 2, 4, 4, 2, 2, 2, 4, 4, 4, 4, 4, 2, 2, 4, 5, 4, 4, 1, 2, 2, 2, 1, 2, 2, 2, 1, 4, 1, 4, 4, 2, 3, 2, 2, 2, 2, 2, 2, 2, 2, 1, 1, 1, -2, -1, 1, 1, -2, -2, -2, -2, 0, 0, -1, -1, 0, -1, 2, 1, 2, 2, 4, 1, 4, 4, 4, 1, 4, 4, 2, 5, 4, 3, 2, 2, 4, 2, 1, 1, 2, 2]
MannwhitneyuResult(statistic=5940.5, pvalue=0.4995508681155221)


datapoint(saw='N/A', setOfQuestions='post-section', question='essential-at-beginning:DATA')
datapoint(saw='N/A', setOfQuestions='post-section', question='essential-at-beginning:DATA')
[5, 5, 5, 5, 5, 5, 5, 4, 3, 5, 5, 5, 5, 4, 5, 5, 5, 5, 5, 5, 4, 5, 5, 5, 5, 5, 5, 5, 5, 5, 5, 5, 5, 5, 5, 5, 3, 3, 5, 5, 5, 5, 5, 5, 5, 5, 4, 4, 5, 5, 4, 4, 1, 5, 5, 5, 5, 5, 5, 5, 5, 5, 5, 5, 5, 5, 5, 3, 5, 2, 2, 2, 2, 2, 2, 2, 1, 2, 2, 1, 1, 1, 2, 2, 2, 5, 5, 5, 5, 4, 5, 5, 5, 4, 4, 5, 5, 5, 5, 5, 5, 2, 3, 4, 5, 4, 5, 5, 5]
[5, 5, 5, 5, 5, 5, 5, 4, 3, 5, 5, 5, 5, 4, 5, 5, 5, 5, 5, 5, 4, 5, 5, 5, 5, 5, 5, 5, 5, 5, 5, 5, 5, 5, 5, 5, 3, 3, 5, 5, 5, 5, 5, 5, 5, 5, 4, 4, 5, 5, 4, 4, 1, 5, 5, 5, 5, 5, 5, 5, 5, 5, 5, 5, 5, 5, 5, 3, 5, 2, 2, 2, 2, 2, 2, 2, 1, 2, 2, 1, 1, 1, 2, 2, 2, 5, 5, 5, 5, 4, 5, 5, 5, 4, 4, 5, 5, 5, 5, 5, 5, 2, 3, 4, 5, 4, 5, 5, 5]
MannwhitneyuResult(statistic=5940.5, pvalue=0.49948199848051256)


datapoint(saw='N/A', setOfQuestions='post-section', question='essential-at-beginning:VIDEO')
datapoint(saw='N/A', setOfQuestions='post-section', question='essential-at-beginning:VIDEO')
[5, 5, 5, 5, 5, 4, 5, 4, 4, 5, 5, 5, 5, 4, 4, 5, 5, 5, 5, 5, 4, 5, 5, 5, 5, 5, 5, 5, 5, 5, 5, 4, 5, 4, 5, 5, 5, 5, 5, 2, 5, 5, 5, 5, 5, 5, 5, 5, 5, 5, 5, 5, 5, 5, 5, 5, 5, 5, 5, 5, 5, 5, 5, 5, 5, 5, 5, 5, 5, 2, 2, 2, 2, 2, 2, 1, -2, 1, 2, 2, 0, 1, 2, 2, 2, 5, 5, 5, 5, 5, 5, 5, 5, 5, 4, 5, 5, 5, 5, 5, 5, 5, 4, 5, 5, 5, 5, 5, 5]
[5, 5, 5, 5, 5, 4, 5, 4, 4, 5, 5, 5, 5, 4, 4, 5, 5, 5, 5, 5, 4, 5, 5, 5, 5, 5, 5, 5, 5, 5, 5, 4, 5, 4, 5, 5, 5, 5, 5, 2, 5, 5, 5, 5, 5, 5, 5, 5, 5, 5, 5, 5, 5, 5, 5, 5, 5, 5, 5, 5, 5, 5, 5, 5, 5, 5, 5, 5, 5, 2, 2, 2, 2, 2, 2, 1, -2, 1, 2, 2, 0, 1, 2, 2, 2, 5, 5, 5, 5, 5, 5, 5, 5, 5, 4, 5, 5, 5, 5, 5, 5, 5, 4, 5, 5, 5, 5, 5, 5]
MannwhitneyuResult(statistic=5940.5, pvalue=0.4994336613517772)


