########################################################
howSatisfied: 

datapoint(saw='data', setOfQuestions='no-video-task', question='satisfied:DATA', taskType='eitherPillOrRun')
datapoint(saw='data', setOfQuestions='no-video-task', question='satisfied:DATA', taskType='eitherPillOrRun')
[4, 4, 2, 2, 1, 1, 5, 4, 2, 1, 5, 1, 4, 1, 5, 5, 5, 2, 5, 5, 3, 5, 5, 5, 4, 1, 4, 2, 5, 4, 2, 2, 5, 4, 4, 4, 4, 2, 5, 5, 4, 2, 4, 3, 4, 5, 5, 2, 4, 1, 5, 5, 5, 2, 2, 4, 3, 3, 4, 5, 4, 4, 4, 4, 4, 4, 2, 5, 4, 4, 5, 4, 4, 4, 5, 5, 5, 5, 2, 4, 3, 4, 4, 4, 5, 5, 2, 5, 2, 5, 2, 2, 3, 5, 2, 5, 4, 2, 5, 4, 4, 5, 2, 4, 5, 5, 4, 2]
[4, 4, 2, 2, 1, 1, 5, 4, 2, 1, 5, 1, 4, 1, 5, 5, 5, 2, 5, 5, 3, 5, 5, 5, 4, 1, 4, 2, 5, 4, 2, 2, 5, 4, 4, 4, 4, 2, 5, 5, 4, 2, 4, 3, 4, 5, 5, 2, 4, 1, 5, 5, 5, 2, 2, 4, 3, 3, 4, 5, 4, 4, 4, 4, 4, 4, 2, 5, 4, 4, 5, 4, 4, 4, 5, 5, 5, 5, 2, 4, 3, 4, 4, 4, 5, 5, 2, 5, 2, 5, 2, 2, 3, 5, 2, 5, 4, 2, 5, 4, 4, 5, 2, 4, 5, 5, 4, 2]
MannwhitneyuResult(statistic=5832.0, pvalue=0.499545668006998)


datapoint(saw='data', setOfQuestions='no-video-task', question='satisfied:DATA', taskType='eitherPillOrRun')
datapoint(saw='video', setOfQuestions='no-data-task', question='satisfied:VIDEO', taskType='eitherPillOrRun')
[4, 4, 2, 2, 1, 1, 5, 4, 2, 1, 5, 1, 4, 1, 5, 5, 5, 2, 5, 5, 3, 5, 5, 5, 4, 1, 4, 2, 5, 4, 2, 2, 5, 4, 4, 4, 4, 2, 5, 5, 4, 2, 4, 3, 4, 5, 5, 2, 4, 1, 5, 5, 5, 2, 2, 4, 3, 3, 4, 5, 4, 4, 4, 4, 4, 4, 2, 5, 4, 4, 5, 4, 4, 4, 5, 5, 5, 5, 2, 4, 3, 4, 4, 4, 5, 5, 2, 5, 2, 5, 2, 2, 3, 5, 2, 5, 4, 2, 5, 4, 4, 5, 2, 4, 5, 5, 4, 2]
[1, 1, 4, 2, 2, 2, 2, 4, 5, 2, 4, 1, 1, 1, 1, 1, 4, 4, 4, 2, 4, 5, 4, 4, 5, 4, 5, 2, 2, 2, 2, 1, 4, 2, 4, 2, 4, 4, 4, 1, 3, 2, 1, 2, 1, 1, 3, 2, 2, 2, 3, 4, 2, 5, 2, 1, 5, 2, 1, 1, 4, 4, 2, 2, 2, 3, 1, 1, 3, 1, 2, 3, 1, 1, 3, 2, 1, 3, 2, 1, 1, 2, 2, 2, 1, 1, 2, 2, 2, 2, 4, 2, 1, 1, 4, 4, 1, 2, 1, 1, 1, 2, 4, 5, 2, 1, 1, 1, 1, 1]
MannwhitneyuResult(statistic=2855.0, pvalue=4.7035509253711684e-12)


datapoint(saw='video', setOfQuestions='no-data-task', question='satisfied:VIDEO', taskType='eitherPillOrRun')
datapoint(saw='data', setOfQuestions='no-video-task', question='satisfied:DATA', taskType='eitherPillOrRun')
[1, 1, 4, 2, 2, 2, 2, 4, 5, 2, 4, 1, 1, 1, 1, 1, 4, 4, 4, 2, 4, 5, 4, 4, 5, 4, 5, 2, 2, 2, 2, 1, 4, 2, 4, 2, 4, 4, 4, 1, 3, 2, 1, 2, 1, 1, 3, 2, 2, 2, 3, 4, 2, 5, 2, 1, 5, 2, 1, 1, 4, 4, 2, 2, 2, 3, 1, 1, 3, 1, 2, 3, 1, 1, 3, 2, 1, 3, 2, 1, 1, 2, 2, 2, 1, 1, 2, 2, 2, 2, 4, 2, 1, 1, 4, 4, 1, 2, 1, 1, 1, 2, 4, 5, 2, 1, 1, 1, 1, 1]
[4, 4, 2, 2, 1, 1, 5, 4, 2, 1, 5, 1, 4, 1, 5, 5, 5, 2, 5, 5, 3, 5, 5, 5, 4, 1, 4, 2, 5, 4, 2, 2, 5, 4, 4, 4, 4, 2, 5, 5, 4, 2, 4, 3, 4, 5, 5, 2, 4, 1, 5, 5, 5, 2, 2, 4, 3, 3, 4, 5, 4, 4, 4, 4, 4, 4, 2, 5, 4, 4, 5, 4, 4, 4, 5, 5, 5, 5, 2, 4, 3, 4, 4, 4, 5, 5, 2, 5, 2, 5, 2, 2, 3, 5, 2, 5, 4, 2, 5, 4, 4, 5, 2, 4, 5, 5, 4, 2]
MannwhitneyuResult(statistic=2855.0, pvalue=4.7035509253711684e-12)


datapoint(saw='video', setOfQuestions='no-data-task', question='satisfied:VIDEO', taskType='eitherPillOrRun')
datapoint(saw='video', setOfQuestions='no-data-task', question='satisfied:VIDEO', taskType='eitherPillOrRun')
[1, 1, 4, 2, 2, 2, 2, 4, 5, 2, 4, 1, 1, 1, 1, 1, 4, 4, 4, 2, 4, 5, 4, 4, 5, 4, 5, 2, 2, 2, 2, 1, 4, 2, 4, 2, 4, 4, 4, 1, 3, 2, 1, 2, 1, 1, 3, 2, 2, 2, 3, 4, 2, 5, 2, 1, 5, 2, 1, 1, 4, 4, 2, 2, 2, 3, 1, 1, 3, 1, 2, 3, 1, 1, 3, 2, 1, 3, 2, 1, 1, 2, 2, 2, 1, 1, 2, 2, 2, 2, 4, 2, 1, 1, 4, 4, 1, 2, 1, 1, 1, 2, 4, 5, 2, 1, 1, 1, 1, 1]
[1, 1, 4, 2, 2, 2, 2, 4, 5, 2, 4, 1, 1, 1, 1, 1, 4, 4, 4, 2, 4, 5, 4, 4, 5, 4, 5, 2, 2, 2, 2, 1, 4, 2, 4, 2, 4, 4, 4, 1, 3, 2, 1, 2, 1, 1, 3, 2, 2, 2, 3, 4, 2, 5, 2, 1, 5, 2, 1, 1, 4, 4, 2, 2, 2, 3, 1, 1, 3, 1, 2, 3, 1, 1, 3, 2, 1, 3, 2, 1, 1, 2, 2, 2, 1, 1, 2, 2, 2, 2, 4, 2, 1, 1, 4, 4, 1, 2, 1, 1, 1, 2, 4, 5, 2, 1, 1, 1, 1, 1]
MannwhitneyuResult(statistic=6050.0, pvalue=0.49955904190846107)


########################################################