########################################################
selfEval

datapoint(saw='data', setOfQuestions='no-video-task', question='perceived-within-bounds', taskType='eitherPillOrRun')
datapoint(saw='video', setOfQuestions='no-data-task', question='perceived-within-bounds', taskType='eitherPillOrRun')
[100, 100, 50, 50, 40, 40, 90, 90, 80, 10, 10, 50, 70, 90, 100, 100, 90, 100, 100, 100, 90, 100, 100, 70, 70, 90, 90, 50, 100, 100, 60, 60, 30, 20, 10, 100, 100, 60, 70, 90, 90, 90, 100, 90, 80, 100, 100, 50, 80, 100, 100, 100, 100, 70, 60, 90, 80, 100, 30, 20, 90, 90, 100, 90, 10, 10, 80, 100, 10, 10, 80, 80, 90, 70, 10, 20, 100, 100, 90, 100, 30, 10, 90, 90, 0, 10, 100, 80, 50, 90, 80, 70, 70, 90, 40, 0, 80, 50, 100, 80, 10, 100, 20, 10, 90, 90, 100, 50]
[100, 90, 70, 50, 70, 90, 100, 100, 20, 20, 100, 90, 90, 90, 30, 50, 100, 100, 80, 80, 90, 90, 80, 70, 90, 90, 90, 80, 100, 100, 50, 80, 10, 20, 10, 10, 100, 100, 90, 70, 70, 70, 90, 80, 60, 70, 90, 90, 50, 50, 90, 90, 100, 100, 40, 10, 70, 50, 90, 80, 40, 10, 80, 80, 30, 80, 40, 50, 90, 50, 10, 30, 80, 90, 90, 90, 20, 0, 90, 90, 60, 50, 30, 40, 50, 30, 10, 10, 70, 40, 90, 0, 40, 80, 90, 70, 80, 30, 90, 80, 100, 50, 0, 100, 100, 10, 10, 60, 70, 100, 100]
MannwhitneyuResult(statistic=5252.0, pvalue=0.05458775731506331)


datapoint(saw='data', setOfQuestions='no-video-task', question='perceived-complete', taskType='eitherPillOrRun')
datapoint(saw='video', setOfQuestions='no-data-task', question='perceived-complete', taskType='eitherPillOrRun')
[100, 100, 80, 90, 70, 70, 100, 100, 40, 100, 70, 100, 100, 100, 100, 100, 100, 100, 100, 100, 100, 100, 100, 100, 90, 100, 90, 60, 100, 100, 100, 100, 100, 100, 100, 100, 100, 90, 100, 100, 90, 90, 100, 100, 100, 100, 100, 100, 100, 90, 100, 100, 100, 80, 80, 100, 80, 100, 100, 100, 100, 100, 100, 100, 100, 100, 50, 90, 100, 100, 100, 100, 100, 100, 100, 100, 100, 100, 100, 100, 60, 100, 100, 100, 100, 100, 80, 100, 100, 100, 100, 70, 80, 100, 60, 100, 50, 100, 70, 70, 100, 100, 100, 100, 100, 90, 100, 100]
[30, 30, 100, 70, 100, 40, 30, 30, 80, 50, 70, 60, 60, 80, 40, 30, 30, 60, 100, 40, 70, 60, 80, 50, 70, 80, 100, 70, 40, 30, 70, 40, 40, 50, 40, 40, 60, 60, 80, 60, 50, 60, 40, 40, 40, 60, 80, 50, 60, 50, 90, 80, 40, 50, 50, 10, 40, 60, 50, 80, 20, 30, 100, 50, 30, 40, 50, 50, 50, 20, 90, 80, 50, 40, 50, 50, 50, 30, 60, 30, 30, 40, 50, 80, 60, 40, 70, 50, 50, 50, 30, 50, 20, 30, 50, 70, 20, 70, 30, 40, 60, 40, 50, 70, 60, 50, 10, 30, 10, 40]
MannwhitneyuResult(statistic=750.0, pvalue=4.5216500128020195e-31)


datapoint(saw='video', setOfQuestions='no-data-task', question='perceived-within-bounds', taskType='eitherPillOrRun')
datapoint(saw='data', setOfQuestions='no-video-task', question='perceived-within-bounds', taskType='eitherPillOrRun')
[100, 90, 70, 50, 70, 90, 100, 100, 20, 20, 100, 90, 90, 90, 30, 50, 100, 100, 80, 80, 90, 90, 80, 70, 90, 90, 90, 80, 100, 100, 50, 80, 10, 20, 10, 10, 100, 100, 90, 70, 70, 70, 90, 80, 60, 70, 90, 90, 50, 50, 90, 90, 100, 100, 40, 10, 70, 50, 90, 80, 40, 10, 80, 80, 30, 80, 40, 50, 90, 50, 10, 30, 80, 90, 90, 90, 20, 0, 90, 90, 60, 50, 30, 40, 50, 30, 10, 10, 70, 40, 90, 0, 40, 80, 90, 70, 80, 30, 90, 80, 100, 50, 0, 100, 100, 10, 10, 60, 70, 100, 100]
[100, 100, 50, 50, 40, 40, 90, 90, 80, 10, 10, 50, 70, 90, 100, 100, 90, 100, 100, 100, 90, 100, 100, 70, 70, 90, 90, 50, 100, 100, 60, 60, 30, 20, 10, 100, 100, 60, 70, 90, 90, 90, 100, 90, 80, 100, 100, 50, 80, 100, 100, 100, 100, 70, 60, 90, 80, 100, 30, 20, 90, 90, 100, 90, 10, 10, 80, 100, 10, 10, 80, 80, 90, 70, 10, 20, 100, 100, 90, 100, 30, 10, 90, 90, 0, 10, 100, 80, 50, 90, 80, 70, 70, 90, 40, 0, 80, 50, 100, 80, 10, 100, 20, 10, 90, 90, 100, 50]
MannwhitneyuResult(statistic=5252.0, pvalue=0.05458775731506331)


datapoint(saw='video', setOfQuestions='no-data-task', question='perceived-complete', taskType='eitherPillOrRun')
datapoint(saw='data', setOfQuestions='no-video-task', question='perceived-complete', taskType='eitherPillOrRun')
[30, 30, 100, 70, 100, 40, 30, 30, 80, 50, 70, 60, 60, 80, 40, 30, 30, 60, 100, 40, 70, 60, 80, 50, 70, 80, 100, 70, 40, 30, 70, 40, 40, 50, 40, 40, 60, 60, 80, 60, 50, 60, 40, 40, 40, 60, 80, 50, 60, 50, 90, 80, 40, 50, 50, 10, 40, 60, 50, 80, 20, 30, 100, 50, 30, 40, 50, 50, 50, 20, 90, 80, 50, 40, 50, 50, 50, 30, 60, 30, 30, 40, 50, 80, 60, 40, 70, 50, 50, 50, 30, 50, 20, 30, 50, 70, 20, 70, 30, 40, 60, 40, 50, 70, 60, 50, 10, 30, 10, 40]
[100, 100, 80, 90, 70, 70, 100, 100, 40, 100, 70, 100, 100, 100, 100, 100, 100, 100, 100, 100, 100, 100, 100, 100, 90, 100, 90, 60, 100, 100, 100, 100, 100, 100, 100, 100, 100, 90, 100, 100, 90, 90, 100, 100, 100, 100, 100, 100, 100, 90, 100, 100, 100, 80, 80, 100, 80, 100, 100, 100, 100, 100, 100, 100, 100, 100, 50, 90, 100, 100, 100, 100, 100, 100, 100, 100, 100, 100, 100, 100, 60, 100, 100, 100, 100, 100, 80, 100, 100, 100, 100, 70, 80, 100, 60, 100, 50, 100, 70, 70, 100, 100, 100, 100, 100, 90, 100, 100]
MannwhitneyuResult(statistic=750.0, pvalue=4.5216500128020195e-31)


########################################################
