########################################################
datapoint(saw='both', setOfQuestions='has-both-task', question='WHAT:DATA', taskType='eitherPillOrRun')
[4, 2, 2, 2, 2, 2, 5, 3, 4, 5, 5, 4, 2, 5, 2, 5, 5, 5, 5, 5, 5, 4, 5, 5, 5, 4, 1, 5, 2, 4, 5, 5, 5, 2, 2, 4, 4, 3, 3, 5, 5, 5, 4, 5, 5, 2, 4, 5, 5, 5, 5, 4, 5, 3, 5, 5, 5, 5, 5, 5, 5, 5, 5, 1, 5, 4, 4, 5, 4, 4, 4, 5, 5, 4, 3, 5, 2, 5, 5, 5, 4, 5, 3, 5, 4, 4, 5, 5, 4, 5, 5, 4, 5, 5, 5, 5, 4, 4, 5, 4, 5, 3, 2, 5, 4, 5, 5, 5, 5, 1, 2, 5, 5]

datapoint(saw='both', setOfQuestions='has-both-task', question='WHEN:DATA', taskType='eitherPillOrRun')
[5, 5, 4, 4, 5, 5, 5, 5, 5, 5, 5, 4, 5, 5, 5, 5, 5, 5, 5, 5, 5, 5, 5, 5, 5, 5, 5, 5, 5, 5, 5, 5, 5, 5, 4, 4, 4, 4, 5, 5, 5, 5, 5, 5, 4, 4, 5, 5, 5, 5, 5, 5, 5, 5, 5, 5, 5, 3, 5, 5, 5, 5, 1, 5, 5, 5, 5, 5, 5, 4, 5, 5, 4, 4, 5, 5, 5, 5, 5, 5, 5, 5, 5, 5, 5, 5, 5, 5, 5, 5, 5, 5, 5, 5, 4, 5, 5, 5, 4, 5, 5, 5, 4, 5, 5, 5, 5, 5, 1, 5, 5, 5]

datapoint(saw='data', setOfQuestions='no-video-task', question='satisfied:DATA', taskType='eitherPillOrRun')
[4, 4, 2, 2, 1, 1, 5, 4, 2, 1, 5, 1, 4, 1, 5, 5, 5, 2, 5, 5, 3, 5, 5, 5, 4, 1, 4, 2, 5, 4, 2, 2, 5, 4, 4, 4, 4, 2, 5, 5, 4, 2, 4, 3, 4, 5, 5, 2, 4, 1, 5, 5, 5, 2, 2, 4, 3, 3, 4, 5, 4, 4, 4, 4, 4, 4, 2, 5, 4, 4, 5, 4, 4, 4, 5, 5, 5, 5, 2, 4, 3, 4, 4, 4, 5, 5, 2, 5, 2, 5, 2, 2, 3, 5, 2, 5, 4, 2, 5, 4, 4, 5, 2, 4, 5, 5, 4, 2]

datapoint(saw='data', setOfQuestions='no-video-task', question='graph->video', taskType='eitherPillOrRun')
[3, 4, 4, 4, 5, 5, 5, 5, 3, 5, 3, 2, 4, 4, 5, 5, 4, 2, 5, 5, 4, 5, 5, 4, 4, 1, 4, 2, 5, 4, 2, 5, 4, 3, 4, 4, 4, 2, 5, 5, 4, 2, 3, 3, 4, 5, 5, 3, 5, 1, 5, 5, 5, 2, 1, 4, 4, 4, 4, 4, 4, 4, 4, 5, 4, 5, 2, 5, 4, 4, 4, 3, 4, 3, 5, 5, 4, 5, 4, 5, 4, 4, 5, 4, 5, 5, 4, 5, 4, 5, 4, 3, 3, 5, 2, 5, 4, 2, 4, 5, 5, 5, 4, 4, 5, 5, 4, 2]

datapoint(saw='video', setOfQuestions='no-data-task', question='satisfied:VIDEO', taskType='eitherPillOrRun')
[1, 1, 4, 2, 2, 2, 2, 4, 5, 2, 4, 1, 1, 1, 1, 1, 4, 4, 4, 2, 4, 5, 4, 4, 5, 4, 5, 2, 2, 2, 2, 1, 4, 2, 4, 2, 4, 4, 4, 1, 3, 2, 1, 2, 1, 1, 3, 2, 2, 2, 3, 4, 2, 5, 2, 1, 5, 2, 1, 1, 4, 4, 2, 2, 2, 3, 1, 1, 3, 1, 2, 3, 1, 1, 3, 2, 1, 3, 2, 1, 1, 2, 2, 2, 1, 1, 2, 2, 2, 2, 4, 2, 1, 1, 4, 4, 1, 2, 1, 1, 1, 2, 4, 5, 2, 1, 1, 1, 1, 1]

datapoint(saw='video', setOfQuestions='no-data-task', question='sketch', taskType='eitherPillOrRun')
[4, 3, 4, 2, 2, 4, 3, 4, 5, 2, 5, 4, 2, 5, 2, 2, 4, 5, 4, 4, 5, 5, 4, 5, 1, 3, 2, 2, 4, 4, 4, 4, 4, 4, 2, 3, 5, 5, 4, 3, 4, 4, 1, 2, 5, 5, 4, 4, 4, 5, 3, 4, 3, 4, 4, 3, 2, 4, 4, 2, 3, 4, 3, 4, 4, 5, 2, 3, 4, 5, 3, 4, 2, 3, 4, 2, 4, 3, 3, 4, 4, 4, 4, 4, 4, 3, 5, 4, 4, 4, 4, 4, 1, 1, 4, 5, 2, 4, 2, 1, 3, 3, 3, 4, 5, 4, 4, 1, 3, 4]

datapoint(saw='data', setOfQuestions='post-distraction-survey', question='WHAT:DATA', taskType='eitherPillOrRun')
[3, 5, 4, 3, 4, 4, 2, 4, 4, 5, 4, 5, 5]

datapoint(saw='data', setOfQuestions='post-distraction-survey', question='WHEN:DATA', taskType='eitherPillOrRun')
[5, 5, 5, 5, 5, 5, 5, 5, 5, 5, 5, 5, 5]

datapoint(saw='data', setOfQuestions='post-distraction-survey', question='WHAT:PREVIOUSLY', taskType='eitherPillOrRun')
[2, 5, 4, 2, 4, 3, 2, 5, 4, 5, 5, 5, 5]

datapoint(saw='data', setOfQuestions='post-distraction-survey', question='WHEN:PREVIOUSLY', taskType='eitherPillOrRun')
[4, 5, 5, 5, 5, 4, 5, 5, 5, 5, 5, 5, 5]

datapoint(saw='N/A', setOfQuestions='post-section', question='essential-later:DATA', taskType='eitherPillOrRun')
[4, 4, 2, 4, 5, 5, 5, 4, 5, 1, 5, 5, 5, 3, 5, 2, 1, 4, 4, 1, 1, 4, 4, 1, 5, 4, 5, 4, 4, 5, 5, 5, 5, 5, 5, 5, 4, 4, 4, 5, 4, 5, 5, 5, 5, 5, 4, 4, 2, 4, 5, 5, 1, 1, 5, 4, 4, 4, 4, 3, 4, 4, 5, 4, 5, 5, 5, 5, 5, 5, 4, 5, 5, 5, 5, 4, 3, 5, 5, 4, 4, 3, 2, 5, 5, 5, 5, 4, 5, 2, 5, 5, 5, 4, 3, 4, 4, 4, 5, 2, 4, 5, 4, 4, 3, 5, 5, 5, 5]

datapoint(saw='N/A', setOfQuestions='post-section', question='essential-later:VIDEO', taskType='eitherPillOrRun')
[2, 2, 2, 4, 4, 3, 4, 4, 2, 4, 1, 5, 2, 1, 1, 2, 1, 2, 2, 1, 2, 2, 2, 2, 1, 2, 2, 2, 2, 4, 4, 2, 2, 2, 4, 4, 4, 4, 4, 2, 2, 4, 5, 4, 4, 1, 2, 2, 2, 1, 2, 2, 2, 1, 4, 1, 4, 4, 2, 3, 2, 2, 2, 2, 2, 2, 2, 2, 1, 4, 4, 1, 2, 4, 4, 1, 1, 1, 1, 3, 3, 2, 2, 3, 2, 2, 1, 2, 2, 4, 1, 4, 4, 4, 1, 4, 4, 2, 5, 4, 3, 2, 2, 4, 2, 1, 1, 2, 2]

datapoint(saw='N/A', setOfQuestions='post-section', question='essential-at-beginning:DATA', taskType='eitherPillOrRun')
[5, 5, 5, 5, 5, 5, 5, 4, 3, 5, 5, 5, 5, 4, 5, 5, 5, 5, 5, 5, 4, 5, 5, 5, 5, 5, 5, 5, 5, 5, 5, 5, 5, 5, 5, 5, 3, 3, 5, 5, 5, 5, 5, 5, 5, 5, 4, 4, 5, 5, 4, 4, 1, 5, 5, 5, 5, 5, 5, 5, 5, 5, 5, 5, 5, 5, 5, 3, 5, 5, 5, 5, 5, 5, 5, 5, 4, 5, 5, 4, 4, 4, 5, 5, 5, 5, 5, 5, 5, 4, 5, 5, 5, 4, 4, 5, 5, 5, 5, 5, 5, 2, 3, 4, 5, 4, 5, 5, 5]

datapoint(saw='N/A', setOfQuestions='post-section', question='essential-at-beginning:VIDEO', taskType='eitherPillOrRun')
[5, 5, 5, 5, 5, 4, 5, 4, 4, 5, 5, 5, 5, 4, 4, 5, 5, 5, 5, 5, 4, 5, 5, 5, 5, 5, 5, 5, 5, 5, 5, 4, 5, 4, 5, 5, 5, 5, 5, 2, 5, 5, 5, 5, 5, 5, 5, 5, 5, 5, 5, 5, 5, 5, 5, 5, 5, 5, 5, 5, 5, 5, 5, 5, 5, 5, 5, 5, 5, 5, 5, 5, 5, 5, 5, 4, 1, 4, 5, 5, 3, 4, 5, 5, 5, 5, 5, 5, 5, 5, 5, 5, 5, 5, 4, 5, 5, 5, 5, 5, 5, 5, 4, 5, 5, 5, 5, 5, 5]

datapoint(saw='both', setOfQuestions='has-both-task', question='perceived-within-bounds', taskType='eitherPillOrRun')
[90, 90, 70, 20, 40, 80, 100, 100, 100, 100, 10, 70, 100, 90, 100, 100, 90, 80, 100, 100, 100, 100, 100, 100, 80, 70, 100, 90, 80, 70, 60, 100, 90, 80, 10, 10, 10, 70, 100, 100, 80, 80, 90, 90, 100, 100, 90, 90, 100, 100, 80, 90, 100, 100, 100, 100, 10, 40, 90, 90, 100, 100, 10, 10, 90, 90, 90, 80, 20, 20, 100, 100, 10, 20, 100, 90, 90, 90, 0, 60, 100, 100, 80, 80, 10, 10, 90, 70, 10, 10, 90, 60, 0, 100, 70, 100, 90, 90, 30, 10, 90, 70, 100, 50, 0, 100, 100, 80, 10, 80, 70, 100, 100]

datapoint(saw='both', setOfQuestions='has-both-task', question='perceived-complete', taskType='eitherPillOrRun')
[100, 40, 80, 30, 90, 100, 100, 30, 20, 100, 90, 70, 100, 100, 100, 100, 100, 80, 50, 100, 100, 100, 100, 100, 100, 60, 70, 90, 80, 90, 80, 40, 70, 90, 100, 70, 100, 70, 30, 100, 100, 80, 100, 100, 100, 70, 80, 100, 100, 100, 100, 100, 100, 50, 100, 100, 20, 20, 40, 40, 70, 80, 100, 30, 70, 100, 50, 80, 40, 80, 100, 30, 60, 90, 50, 100, 20, 50, 100, 100, 90, 100, 70, 100, 100, 40, 100, 100, 100, 100, 100, 90, 80, 40, 100, 60, 100, 100, 100, 70, 100, 30, 70, 50, 20, 70, 100, 50, 100, 20, 20, 90, 100]

datapoint(saw='data', setOfQuestions='no-video-task', question='perceived-within-bounds', taskType='eitherPillOrRun')
[100, 100, 50, 50, 40, 40, 90, 90, 80, 10, 10, 50, 70, 90, 100, 100, 90, 100, 100, 100, 90, 100, 100, 70, 70, 90, 90, 50, 100, 100, 60, 60, 30, 20, 10, 100, 100, 60, 70, 90, 90, 90, 100, 90, 80, 100, 100, 50, 80, 100, 100, 100, 100, 70, 60, 90, 80, 100, 30, 20, 90, 90, 100, 90, 10, 10, 80, 100, 10, 10, 80, 80, 90, 70, 10, 20, 100, 100, 90, 100, 30, 10, 90, 90, 0, 10, 100, 80, 50, 90, 80, 70, 70, 90, 40, 0, 80, 50, 100, 80, 10, 100, 20, 10, 90, 90, 100, 50]

datapoint(saw='data', setOfQuestions='no-video-task', question='perceived-complete', taskType='eitherPillOrRun')
[100, 100, 80, 90, 70, 70, 100, 100, 40, 100, 70, 100, 100, 100, 100, 100, 100, 100, 100, 100, 100, 100, 100, 100, 90, 100, 90, 60, 100, 100, 100, 100, 100, 100, 100, 100, 100, 90, 100, 100, 90, 90, 100, 100, 100, 100, 100, 100, 100, 90, 100, 100, 100, 80, 80, 100, 80, 100, 100, 100, 100, 100, 100, 100, 100, 100, 50, 90, 100, 100, 100, 100, 100, 100, 100, 100, 100, 100, 100, 100, 60, 100, 100, 100, 100, 100, 80, 100, 100, 100, 100, 70, 80, 100, 60, 100, 50, 100, 70, 70, 100, 100, 100, 100, 100, 90, 100, 100]

datapoint(saw='video', setOfQuestions='no-data-task', question='perceived-within-bounds', taskType='eitherPillOrRun')
[100, 90, 70, 50, 70, 90, 100, 100, 20, 20, 100, 90, 90, 90, 30, 50, 100, 100, 80, 80, 90, 90, 80, 70, 90, 90, 90, 80, 100, 100, 50, 80, 10, 20, 10, 10, 100, 100, 90, 70, 70, 70, 90, 80, 60, 70, 90, 90, 50, 50, 90, 90, 100, 100, 40, 10, 70, 50, 90, 80, 40, 10, 80, 80, 30, 80, 40, 50, 90, 50, 10, 30, 80, 90, 90, 90, 20, 0, 90, 90, 60, 50, 30, 40, 50, 30, 10, 10, 70, 40, 90, 0, 40, 80, 90, 70, 80, 30, 90, 80, 100, 50, 0, 100, 100, 10, 10, 60, 70, 100, 100]

datapoint(saw='video', setOfQuestions='no-data-task', question='perceived-complete', taskType='eitherPillOrRun')
[30, 30, 100, 70, 100, 40, 30, 30, 80, 50, 70, 60, 60, 80, 40, 30, 30, 60, 100, 40, 70, 60, 80, 50, 70, 80, 100, 70, 40, 30, 70, 40, 40, 50, 40, 40, 60, 60, 80, 60, 50, 60, 40, 40, 40, 60, 80, 50, 60, 50, 90, 80, 40, 50, 50, 10, 40, 60, 50, 80, 20, 30, 100, 50, 30, 40, 50, 50, 50, 20, 90, 80, 50, 40, 50, 50, 50, 30, 60, 30, 30, 40, 50, 80, 60, 40, 70, 50, 50, 50, 30, 50, 20, 30, 50, 70, 20, 70, 30, 40, 60, 40, 50, 70, 60, 50, 10, 30, 10, 40]

########################################################